.Random.seed <-
c(403L, 10L, 1734069900L, 1221300687L, -1546017403L, 1229061692L,
-520318190L, 1248866317L, 40710983L, -890238674L, -1962549112L,
-1980766837L, -550453911L, 651587384L, 1848709606L, 1979827585L,
727177491L, -1554950462L, 2057261428L, -484513417L, -824894867L,
552178948L, -763547606L, -444011115L, 309293615L, -964493514L,
618037088L, 648611235L, -903958847L, 1800701616L, 2116116942L,
2063422777L, -2093971125L, -1671447814L, -385958916L, -59687873L,
2026988821L, 2097778220L, 443224834L, -589254691L, 794798807L,
-1881610818L, 454189048L, -1958781989L, 920917561L, 471007112L,
-1739014346L, -1199669903L, -676997213L, 62955250L, 1817790020L,
-532961017L, 1812459741L, 1603229140L, -1446999814L, -798986171L,
-268134241L, -241843674L, 1021712048L, 1486895955L, 2001999473L,
-328033376L, 1856162622L, 602477129L, -1582594309L, 1827796682L,
-1312683988L, 2075332655L, 2040754405L, -1535977060L, 408871922L,
-971727251L, -73741401L, 1658058190L, 538092328L, 378235179L,
64959305L, 1984551000L, 252919046L, -2122458911L, -427896717L,
-1141314334L, 1075199060L, -496189097L, 1629577549L, -1047579420L,
-1442707254L, 1681728821L, 1009273743L, -923021162L, 1180389440L,
-1356121853L, -736668383L, 1359853072L, -411015698L, -596731495L,
-435972565L, 2065440538L, -1037482532L, -410506273L, -1911465035L,
1908213068L, -1743785054L, 514341629L, 1756464119L, -1934754530L,
-305545256L, 340283707L, 1395787481L, -1644545432L, -660190314L,
1722347281L, 1518934211L, 1635952850L, -1980641948L, -708226905L,
-723876355L, -746039308L, 1013113050L, 1407496741L, 621522751L,
1947638982L, -1980444336L, 1503265139L, 1117809553L, 1488133568L,
-1673242722L, 1083550057L, 80226715L, -1127236438L, 1230498508L,
819213199L, 800999365L, -60191876L, 614732754L, -1051081907L,
-1739980281L, 959627758L, 803134664L, -1905790005L, -1897769431L,
-225633160L, 2058951078L, -698025023L, -1377388461L, 1534570242L,
-1613120972L, -870756425L, -2063052883L, 1167125700L, 1280762090L,
725120853L, -647124753L, -232382730L, -2095846880L, 1314586595L,
-2144537471L, -797408528L, 429263246L, 4450041L, 1634497675L,
1986747578L, 2135734204L, 1114334463L, -1273255851L, -560784532L,
1091941314L, -700238819L, 577152151L, -2109672962L, -1854991944L,
-495018597L, 90317817L, -2138961080L, 418285174L, 1543782321L,
-448929309L, 1975772850L, 1829559044L, 1213851719L, -24051939L,
1365616020L, 11544890L, 941880709L, -975839649L, 1873275110L,
586099568L, 2117373075L, 24680753L, 1751646176L, -1902771074L,
-35125495L, 418408763L, -1381610230L, -1777638164L, 1488056687L,
-1691453787L, -1274664868L, -1090789326L, 614971181L, 960288231L,
-1351497458L, 431222504L, 1946247403L, 202170761L, -535183080L,
820393030L, -445858655L, 1735492403L, 699550370L, 1752039828L,
17543191L, 646891533L, -291242716L, 561940746L, -1332207499L,
868264911L, 628227286L, -737129344L, 1269813955L, 361888865L,
1606188240L, -1419407826L, 494129113L, 1367879659L, -1024391590L,
-1859108836L, 1341111583L, -390759051L, 2048743508L, -809180184L,
-1748002054L, -960494256L, -259936468L, -1611734156L, 424604562L,
1589215840L, -472811636L, 1141602144L, -1103612958L, -1904415832L,
32144588L, -1956447748L, 129075122L, 1068570096L, 2034546116L,
1551190360L, -655073926L, -910672464L, -2072202308L, 1257939028L,
236638146L, 491868192L, 1829327036L, -761083312L, -227526686L,
-718905752L, 41176652L, -1328070404L, -1190426638L, 714351872L,
-14052492L, 161206280L, 875942330L, -1056854576L, 645477356L,
1660316564L, 1018833874L, 1099614048L, 1172316492L, 90534176L,
268033922L, -858896664L, -179128084L, 2050922044L, -1232104590L,
-1545562512L, 588031012L, 1066811192L, 807270554L, -586359088L,
-173794116L, 1697680020L, -1199566206L, 2145280192L, 641340732L,
-264210288L, 1235990050L, 2068886024L, 1979563276L, -2142924132L,
-1705114094L, -1980479104L, -1105749484L, -1173271000L, 611955002L,
949943248L, 2119220844L, 1321456436L, -698445166L, -870095520L,
1809554764L, -382348320L, 193114018L, -1080492120L, 1829357452L,
1890110140L, -1153395854L, 1974724848L, 1176863812L, 884426072L,
2072051770L, 1080005488L, -544803780L, -461858028L, 123610562L,
1582193888L, 1964834684L, 1437259472L, -638162270L, -2061925336L,
-756911860L, 169483196L, -838492878L, -2070640704L, -58419660L,
643687368L, -1353368390L, -324730992L, -1265499668L, -172592044L,
763218578L, 403745568L, -1282577972L, -548236320L, 161877698L,
301749800L, -1575219540L, -28885316L, 1025982962L, -2099252944L,
-1257199452L, 346610360L, -1948592294L, 547048848L, 1995201916L,
-75937516L, 1885128002L, -1661226240L, -1258626116L, -814582960L,
561978658L, -937981624L, -1119003636L, -319048612L, 1664124114L,
1979675648L, 1520174932L, -886474264L, 1490281466L, 2097382096L,
659082540L, 313394420L, -415018094L, -451570592L, 344955148L,
1896649440L, -1351656094L, 2034923176L, 1110113868L, 911070076L,
-522174670L, -2012984720L, -1575792316L, 569559000L, -645032838L,
-1549161936L, 1459304124L, -1252145324L, -446769598L, 980850592L,
-1693948740L, -709275184L, -437603998L, 1581600744L, 311841740L,
-145426692L, 171250674L, -2026771328L, 198666484L, -250371960L,
-759574214L, 774851408L, 926060652L, 1923017876L, 1625412946L,
38427360L, -323642164L, 365954208L, 1886815618L, 770847976L,
733832428L, -96155588L, -84988814L, -788222864L, 609260068L,
-1494452680L, -756284902L, -1113854768L, 1002335804L, -1438947180L,
-1715243902L, -115452992L, 2025122108L, -1583853936L, 1595487266L,
-2038710264L, -1151204212L, 2105785372L, 1061441682L, 1598438528L,
-360526828L, -1586387160L, -1073704902L, 569202896L, -1652350868L,
-1266952524L, 1181645842L, 665973728L, 796869580L, -1629705760L,
519714850L, 729124136L, 1749025036L, 1601397308L, 535734514L,
-388682512L, 1047494468L, -378528680L, 1757380154L, 770570480L,
2007140028L, 589971988L, 348931266L, -520791456L, -609582724L,
-240132912L, 1810649122L, -1643015000L, -773164660L, -1332244036L,
1226640434L, 1038159680L, -1406072140L, -1550033592L, -1880385862L,
-404832440L, -1916184858L, 1123981331L, -1397293195L, 1872113490L,
-1292023904L, -1129610615L, 1078339259L, 1210639628L, 675129498L,
1987808783L, -74757543L, -191617298L, -1690012292L, -1372047891L,
1497436823L, -978244256L, 859207998L, 1934885387L, -1667598707L,
1760648122L, 1893601784L, -922321503L, 1102517075L, -1388168588L,
-1792893950L, 922865303L, -357664671L, -1266608986L, -843479900L,
1979745621L, 1776987647L, 610698392L, 394908086L, -1384289725L,
-33435771L, -439120862L, 2137857808L, -1420191047L, 1668403051L,
-1768919460L, 47485834L, -2106700929L, -257526071L, 1985691486L,
537519116L, 1860551645L, -1578932505L, -1158527216L, 1694078510L,
-469512997L, -110206531L, 1251245866L, 884336584L, 441097457L,
1236865635L, -75581852L, -785285742L, -1721296281L, 524939825L,
-599695498L, -75791212L, 780712613L, -2077362257L, 53183592L,
-475994042L, -2108498445L, 90446165L, -424334542L, 898879232L,
597629929L, -2104072613L, -913590100L, -1275662662L, -951735185L,
-907793927L, -1154757490L, 2080957788L, 215782861L, 621451575L,
-1641872448L, 1010449566L, -1598676629L, 411425005L, 248299866L,
-407791080L, -1604720767L, 1937990963L, -1089582252L, 1990516066L,
1417133559L, -691145151L, 1455239878L, 599860228L, 831222709L,
-1909977953L, 1390561528L, 189087958L, 1987881315L, -2099870427L,
285655746L, -1700008016L, -1544481831L, 1877556555L, 1064188860L,
-196844566L, -885652449L, 1161675433L, 1931200062L, -1953760468L,
-457345667L, -1467778105L, 1178127024L, 1835038926L, 1253208571L,
1544528477L, -321217142L, -811457112L, -844895471L, -686282237L,
16514308L, -227469006L, -1963817081L, -1437452847L, 490809174L,
-565578444L, -582968251L, 294487183L, -180071928L, -1386508762L,
-643254573L, 1617995829L, -418674798L, 1161951072L, 810775241L,
-8301061L, -1794522676L, 1700030554L, 2094126415L, 1955077145L,
-706141650L, 1818550332L, 70305197L, -1002604969L, 353486752L,
1774183678L, 858863563L, -63503923L, -2093280006L, -873105608L,
